Marginals for a chosen variable z_1_7 after iteration 0 are: tensor([-32.7373, -32.7373, -32.7373, -32.7373, -32.7373, -32.7373, -32.7373,
        -32.7373, -14.1972, -32.7373, -32.7373, -32.7373, -32.7373, -32.7373,
        -32.7373, -32.7373, -32.7373, -32.7373, -32.7373, -32.7373, -32.7373,
        -32.7373, -32.7373, -32.7373, -32.7373, -32.7373, -32.7373, -32.7373,
        -32.7373, -14.1321, -32.7373, -32.7373, -32.7373, -32.7373, -32.7373,
        -32.7373, -32.7373, -32.7373, -32.7373, -12.6839, -32.7373, -21.2771,
        -32.7373, -22.0067, -32.7373, -32.7373, -32.7373, -32.7373, -32.7373,
        -32.7373, -21.8366, -20.9795, -32.7373, -32.7373, -32.7373, -32.7373,
        -13.5452, -32.7373, -32.7373, -32.7373, -32.7373, -32.7373, -32.7373,
        -21.4814, -32.7373, -32.7373, -16.8462, -32.7373, -32.7373, -32.7373,
        -14.9805, -32.7373, -32.7373, -32.7373, -32.7373, -32.7373, -32.7373,
        -32.7373, -32.7373, -32.7373, -32.7373, -32.7373, -32.7373, -32.7373,
        -13.2041, -32.7373, -32.7373, -32.7373, -22.4743, -32.7373, -32.7373,
        -32.7373, -32.7373, -32.7373, -20.8122, -32.7373, -32.7373, -32.7373,
        -32.7373, -32.7373, -32.7373, -32.7373, -32.7373, -32.7373, -32.7373,
        -32.7373, -32.7373, -13.5399, -32.7373, -32.7373, -32.7373, -32.7373,
        -32.7373, -32.7373, -32.7373, -32.7373, -32.7373, -32.7373, -32.7373,
        -23.2262, -32.7373, -32.7373, -32.7373, -32.7373, -32.7373, -22.1619,
        -32.7373, -32.7373, -32.7373, -32.7373, -32.7373, -32.7373, -32.7373,
        -32.7373, -32.7373, -15.0776, -32.7373, -13.6023, -32.7373, -32.7373,
        -32.7373, -32.7373, -32.7373, -32.7373, -32.7373, -32.7373, -32.7373,
        -32.7373, -32.7373, -32.7373, -32.7373, -32.7373, -32.7373, -32.7373,
        -32.7373, -32.7373, -32.7373, -32.7373, -32.7373, -32.7373, -32.7373,
        -32.7373, -14.2312, -32.7373, -32.7373, -32.7373, -32.7373, -32.7373,
        -32.7373, -32.7373, -32.7373, -32.7373, -32.7373, -32.7373, -32.7373,
        -32.7373, -32.7373, -32.7373, -32.7373, -32.7373, -32.7373, -32.7373,
        -32.7373, -32.7373, -32.7373, -32.7373, -32.7373, -32.7373, -32.7373,
        -32.7373, -32.7373, -32.7373, -19.2949, -32.7373, -32.7373, -32.7373,
        -17.9344, -32.7373, -32.7373, -32.7373, -32.7373, -32.7373, -12.8230,
        -32.7373, -32.7373, -32.7373, -32.7373, -32.7373, -32.7373, -32.7373,
        -13.7459, -32.7373, -32.7373, -32.7373, -32.7373, -32.7373, -32.7373,
        -32.7373, -32.7373, -32.7373, -32.7373, -32.7373, -32.7373, -32.7373,
        -32.7373, -32.7373, -32.7373, -32.7373, -32.7373, -32.7373, -32.7373,
        -32.7373, -32.7373, -32.7373, -32.7373, -32.7373, -32.7373, -32.7373,
        -32.7373, -32.7373, -32.7373, -32.7373, -32.7373, -21.1077, -32.7373,
        -32.7373, -32.7373, -32.7373, -32.7373, -32.7373, -32.7373, -32.7373,
        -32.7373, -32.7373, -32.7373, -32.7373], grad_fn=<SumBackward1>)
Marginals for a chosen variable z_1_7 after iteration 1 are: tensor([-69.0736, -69.0736, -69.0736, -69.0736, -69.0736, -69.0736, -69.0736,
        -69.0736, -68.5993, -69.0736, -69.0736, -69.0736, -69.0736, -69.0736,
        -69.0736, -69.0736, -69.0736, -69.0736, -69.0736, -69.0736, -69.0736,
        -69.0736, -69.0736, -69.0736, -69.0736, -69.0736, -69.0736, -69.0736,
        -69.0736, -68.4930, -69.0736, -69.0736, -69.0736, -69.0736, -69.0736,
        -69.0736, -69.0736, -69.0736, -69.0736, -63.5159, -69.0736, -69.0736,
        -69.0736, -69.0736, -69.0736, -69.0736, -69.0736, -69.0736, -69.0736,
        -69.0736, -69.0736, -69.0736, -69.0736, -69.0736, -69.0736, -69.0736,
        -66.8505, -69.0736, -69.0736, -69.0736, -69.0736, -69.0736, -69.0736,
        -69.0736, -69.0736, -69.0736, -69.0736, -69.0736, -69.0736, -69.0736,
        -69.0475, -69.0736, -69.0736, -69.0736, -69.0736, -69.0736, -69.0736,
        -69.0736, -69.0736, -69.0736, -69.0736, -69.0736, -69.0736, -69.0736,
        -65.5704, -69.0736, -69.0736, -69.0736, -69.0736, -69.0736, -69.0736,
        -69.0736, -69.0736, -69.0736, -69.0736, -69.0736, -69.0736, -69.0736,
        -69.0736, -69.0736, -69.0736, -69.0736, -69.0736, -69.0736, -69.0736,
        -69.0736, -69.0736, -66.8319, -69.0736, -69.0736, -69.0736, -69.0736,
        -69.0736, -69.0736, -69.0736, -69.0736, -69.0736, -69.0736, -69.0736,
        -69.0736, -69.0736, -69.0736, -69.0736, -69.0736, -69.0736, -69.0736,
        -69.0736, -69.0736, -69.0736, -69.0736, -69.0736, -69.0736, -69.0736,
        -69.0736, -69.0736, -69.0558, -69.0736, -67.0518, -69.0736, -69.0736,
        -69.0736, -69.0736, -69.0736, -69.0736, -69.0736, -69.0736, -69.0736,
        -69.0736, -69.0736, -69.0736, -69.0736, -69.0736, -69.0736, -69.0736,
        -69.0736, -69.0736, -69.0736, -69.0736, -69.0736, -69.0736, -69.0736,
        -69.0736, -68.6487, -69.0736, -69.0736, -69.0736, -69.0736, -69.0736,
        -69.0736, -69.0736, -69.0736, -69.0736, -69.0736, -69.0736, -69.0736,
        -69.0736, -69.0736, -69.0736, -69.0736, -69.0736, -69.0736, -69.0736,
        -69.0736, -69.0736, -69.0736, -69.0736, -69.0736, -69.0736, -69.0736,
        -69.0736, -69.0736, -69.0736, -69.0736, -69.0736, -69.0736, -69.0736,
        -69.0736, -69.0736, -69.0736, -69.0736, -69.0736, -69.0736, -64.0694,
        -69.0736, -69.0736, -69.0736, -69.0736, -69.0736, -69.0736, -69.0736,
        -67.5283, -69.0736, -69.0736, -69.0736, -69.0736, -69.0736, -69.0736,
        -69.0736, -69.0736, -69.0736, -69.0736, -69.0736, -69.0736, -69.0736,
        -69.0736, -69.0736, -69.0736, -69.0736, -69.0736, -69.0736, -69.0736,
        -69.0736, -69.0736, -69.0736, -69.0736, -69.0736, -69.0736, -69.0736,
        -69.0736, -69.0736, -69.0736, -69.0736, -69.0736, -69.0736, -69.0736,
        -69.0736, -69.0736, -69.0736, -69.0736, -69.0736, -69.0736, -69.0736,
        -69.0736, -69.0736, -69.0736, -69.0736], grad_fn=<SumBackward1>)
Marginals for a chosen variable z_1_7 after iteration 2 are: tensor([-69.0736, -69.0736, -69.0736, -69.0736, -69.0736, -69.0736, -69.0736,
        -69.0736, -69.0736, -69.0736, -69.0736, -69.0736, -69.0736, -69.0736,
        -69.0736, -69.0736, -69.0736, -69.0736, -69.0736, -69.0736, -69.0736,
        -69.0736, -69.0736, -69.0736, -69.0736, -69.0736, -69.0736, -69.0736,
        -69.0736, -69.0736, -69.0736, -69.0736, -69.0736, -69.0736, -69.0736,
        -69.0736, -69.0736, -69.0736, -69.0736, -69.0736, -69.0736, -69.0736,
        -69.0736, -69.0736, -69.0736, -69.0736, -69.0736, -69.0736, -69.0736,
        -69.0736, -69.0736, -69.0736, -69.0736, -69.0736, -69.0736, -69.0736,
        -69.0736, -69.0736, -69.0736, -69.0736, -69.0736, -69.0736, -69.0736,
        -69.0736, -69.0736, -69.0736, -69.0736, -69.0736, -69.0736, -69.0736,
        -69.0736, -69.0736, -69.0736, -69.0736, -69.0736, -69.0736, -69.0736,
        -69.0736, -69.0736, -69.0736, -69.0736, -69.0736, -69.0736, -69.0736,
        -69.0736, -69.0736, -69.0736, -69.0736, -69.0736, -69.0736, -69.0736,
        -69.0736, -69.0736, -69.0736, -69.0736, -69.0736, -69.0736, -69.0736,
        -69.0736, -69.0736, -69.0736, -69.0736, -69.0736, -69.0736, -69.0736,
        -69.0736, -69.0736, -69.0736, -69.0736, -69.0736, -69.0736, -69.0736,
        -69.0736, -69.0736, -69.0736, -69.0736, -69.0736, -69.0736, -69.0736,
        -69.0736, -69.0736, -69.0736, -69.0736, -69.0736, -69.0736, -69.0736,
        -69.0736, -69.0736, -69.0736, -69.0736, -69.0736, -69.0736, -69.0736,
        -69.0736, -69.0736, -69.0736, -69.0736, -69.0736, -69.0736, -69.0736,
        -69.0736, -69.0736, -69.0736, -69.0736, -69.0736, -69.0736, -69.0736,
        -69.0736, -69.0736, -69.0736, -69.0736, -69.0736, -69.0736, -69.0736,
        -69.0736, -69.0736, -69.0736, -69.0736, -69.0736, -69.0736, -69.0736,
        -69.0736, -69.0736, -69.0736, -69.0736, -69.0736, -69.0736, -69.0736,
        -69.0736, -69.0736, -69.0736, -69.0736, -69.0736, -69.0736, -69.0736,
        -69.0736, -69.0736, -69.0736, -69.0736, -69.0736, -69.0736, -69.0736,
        -69.0736, -69.0736, -69.0736, -69.0736, -69.0736, -69.0736, -69.0736,
        -69.0736, -69.0736, -69.0736, -69.0736, -69.0736, -69.0736, -69.0736,
        -69.0736, -69.0736, -69.0736, -69.0736, -69.0736, -69.0736, -69.0736,
        -69.0736, -69.0736, -69.0736, -69.0736, -69.0736, -69.0736, -69.0736,
        -69.0736, -69.0736, -69.0736, -69.0736, -69.0736, -69.0736, -69.0736,
        -69.0736, -69.0736, -69.0736, -69.0736, -69.0736, -69.0736, -69.0736,
        -69.0736, -69.0736, -69.0736, -69.0736, -69.0736, -69.0736, -69.0736,
        -69.0736, -69.0736, -69.0736, -69.0736, -69.0736, -69.0736, -69.0736,
        -69.0736, -69.0736, -69.0736, -69.0736, -69.0736, -69.0736, -69.0736,
        -69.0736, -69.0736, -69.0736, -69.0736, -69.0736, -69.0736, -69.0736,
        -69.0736, -69.0736, -69.0736, -69.0736], grad_fn=<SumBackward1>)
Marginals for a chosen variable z_1_7 after iteration 3 are: tensor([-69.0736, -69.0736, -69.0736, -69.0736, -69.0736, -69.0736, -69.0736,
        -69.0736, -69.0736, -69.0736, -69.0736, -69.0736, -69.0736, -69.0736,
        -69.0736, -69.0736, -69.0736, -69.0736, -69.0736, -69.0736, -69.0736,
        -69.0736, -69.0736, -69.0736, -69.0736, -69.0736, -69.0736, -69.0736,
        -69.0736, -69.0736, -69.0736, -69.0736, -69.0736, -69.0736, -69.0736,
        -69.0736, -69.0736, -69.0736, -69.0736, -69.0736, -69.0736, -69.0736,
        -69.0736, -69.0736, -69.0736, -69.0736, -69.0736, -69.0736, -69.0736,
        -69.0736, -69.0736, -69.0736, -69.0736, -69.0736, -69.0736, -69.0736,
        -69.0736, -69.0736, -69.0736, -69.0736, -69.0736, -69.0736, -69.0736,
        -69.0736, -69.0736, -69.0736, -69.0736, -69.0736, -69.0736, -69.0736,
        -69.0736, -69.0736, -69.0736, -69.0736, -69.0736, -69.0736, -69.0736,
        -69.0736, -69.0736, -69.0736, -69.0736, -69.0736, -69.0736, -69.0736,
        -69.0736, -69.0736, -69.0736, -69.0736, -69.0736, -69.0736, -69.0736,
        -69.0736, -69.0736, -69.0736, -69.0736, -69.0736, -69.0736, -69.0736,
        -69.0736, -69.0736, -69.0736, -69.0736, -69.0736, -69.0736, -69.0736,
        -69.0736, -69.0736, -69.0736, -69.0736, -69.0736, -69.0736, -69.0736,
        -69.0736, -69.0736, -69.0736, -69.0736, -69.0736, -69.0736, -69.0736,
        -69.0736, -69.0736, -69.0736, -69.0736, -69.0736, -69.0736, -69.0736,
        -69.0736, -69.0736, -69.0736, -69.0736, -69.0736, -69.0736, -69.0736,
        -69.0736, -69.0736, -69.0736, -69.0736, -69.0736, -69.0736, -69.0736,
        -69.0736, -69.0736, -69.0736, -69.0736, -69.0736, -69.0736, -69.0736,
        -69.0736, -69.0736, -69.0736, -69.0736, -69.0736, -69.0736, -69.0736,
        -69.0736, -69.0736, -69.0736, -69.0736, -69.0736, -69.0736, -69.0736,
        -69.0736, -69.0736, -69.0736, -69.0736, -69.0736, -69.0736, -69.0736,
        -69.0736, -69.0736, -69.0736, -69.0736, -69.0736, -69.0736, -69.0736,
        -69.0736, -69.0736, -69.0736, -69.0736, -69.0736, -69.0736, -69.0736,
        -69.0736, -69.0736, -69.0736, -69.0736, -69.0736, -69.0736, -69.0736,
        -69.0736, -69.0736, -69.0736, -69.0736, -69.0736, -69.0736, -69.0736,
        -69.0736, -69.0736, -69.0736, -69.0736, -69.0736, -69.0736, -69.0736,
        -69.0736, -69.0736, -69.0736, -69.0736, -69.0736, -69.0736, -69.0736,
        -69.0736, -69.0736, -69.0736, -69.0736, -69.0736, -69.0736, -69.0736,
        -69.0736, -69.0736, -69.0736, -69.0736, -69.0736, -69.0736, -69.0736,
        -69.0736, -69.0736, -69.0736, -69.0736, -69.0736, -69.0736, -69.0736,
        -69.0736, -69.0736, -69.0736, -69.0736, -69.0736, -69.0736, -69.0736,
        -69.0736, -69.0736, -69.0736, -69.0736, -69.0736, -69.0736, -69.0736,
        -69.0736, -69.0736, -69.0736, -69.0736, -69.0736, -69.0736, -69.0736,
        -69.0736, -69.0736, -69.0736, -69.0736], grad_fn=<SumBackward1>)
Marginals for a chosen variable z_1_7 after iteration 4 are: tensor([-69.0736, -69.0736, -69.0736, -69.0736, -69.0736, -69.0736, -69.0736,
        -69.0736, -69.0736, -69.0736, -69.0736, -69.0736, -69.0736, -69.0736,
        -69.0736, -69.0736, -69.0736, -69.0736, -69.0736, -69.0736, -69.0736,
        -69.0736, -69.0736, -69.0736, -69.0736, -69.0736, -69.0736, -69.0736,
        -69.0736, -69.0736, -69.0736, -69.0736, -69.0736, -69.0736, -69.0736,
        -69.0736, -69.0736, -69.0736, -69.0736, -69.0736, -69.0736, -69.0736,
        -69.0736, -69.0736, -69.0736, -69.0736, -69.0736, -69.0736, -69.0736,
        -69.0736, -69.0736, -69.0736, -69.0736, -69.0736, -69.0736, -69.0736,
        -69.0736, -69.0736, -69.0736, -69.0736, -69.0736, -69.0736, -69.0736,
        -69.0736, -69.0736, -69.0736, -69.0736, -69.0736, -69.0736, -69.0736,
        -69.0736, -69.0736, -69.0736, -69.0736, -69.0736, -69.0736, -69.0736,
        -69.0736, -69.0736, -69.0736, -69.0736, -69.0736, -69.0736, -69.0736,
        -69.0736, -69.0736, -69.0736, -69.0736, -69.0736, -69.0736, -69.0736,
        -69.0736, -69.0736, -69.0736, -69.0736, -69.0736, -69.0736, -69.0736,
        -69.0736, -69.0736, -69.0736, -69.0736, -69.0736, -69.0736, -69.0736,
        -69.0736, -69.0736, -69.0736, -69.0736, -69.0736, -69.0736, -69.0736,
        -69.0736, -69.0736, -69.0736, -69.0736, -69.0736, -69.0736, -69.0736,
        -69.0736, -69.0736, -69.0736, -69.0736, -69.0736, -69.0736, -69.0736,
        -69.0736, -69.0736, -69.0736, -69.0736, -69.0736, -69.0736, -69.0736,
        -69.0736, -69.0736, -69.0736, -69.0736, -69.0736, -69.0736, -69.0736,
        -69.0736, -69.0736, -69.0736, -69.0736, -69.0736, -69.0736, -69.0736,
        -69.0736, -69.0736, -69.0736, -69.0736, -69.0736, -69.0736, -69.0736,
        -69.0736, -69.0736, -69.0736, -69.0736, -69.0736, -69.0736, -69.0736,
        -69.0736, -69.0736, -69.0736, -69.0736, -69.0736, -69.0736, -69.0736,
        -69.0736, -69.0736, -69.0736, -69.0736, -69.0736, -69.0736, -69.0736,
        -69.0736, -69.0736, -69.0736, -69.0736, -69.0736, -69.0736, -69.0736,
        -69.0736, -69.0736, -69.0736, -69.0736, -69.0736, -69.0736, -69.0736,
        -69.0736, -69.0736, -69.0736, -69.0736, -69.0736, -69.0736, -69.0736,
        -69.0736, -69.0736, -69.0736, -69.0736, -69.0736, -69.0736, -69.0736,
        -69.0736, -69.0736, -69.0736, -69.0736, -69.0736, -69.0736, -69.0736,
        -69.0736, -69.0736, -69.0736, -69.0736, -69.0736, -69.0736, -69.0736,
        -69.0736, -69.0736, -69.0736, -69.0736, -69.0736, -69.0736, -69.0736,
        -69.0736, -69.0736, -69.0736, -69.0736, -69.0736, -69.0736, -69.0736,
        -69.0736, -69.0736, -69.0736, -69.0736, -69.0736, -69.0736, -69.0736,
        -69.0736, -69.0736, -69.0736, -69.0736, -69.0736, -69.0736, -69.0736,
        -69.0736, -69.0736, -69.0736, -69.0736, -69.0736, -69.0736, -69.0736,
        -69.0736, -69.0736, -69.0736, -69.0736], grad_fn=<SumBackward1>)
Marginals for a chosen variable z_1_7 after iteration 5 are: tensor([-69.0736, -69.0736, -69.0736, -69.0736, -69.0736, -69.0736, -69.0736,
        -69.0736, -69.0736, -69.0736, -69.0736, -69.0736, -69.0736, -69.0736,
        -69.0736, -69.0736, -69.0736, -69.0736, -69.0736, -69.0736, -69.0736,
        -69.0736, -69.0736, -69.0736, -69.0736, -69.0736, -69.0736, -69.0736,
        -69.0736, -69.0736, -69.0736, -69.0736, -69.0736, -69.0736, -69.0736,
        -69.0736, -69.0736, -69.0736, -69.0736, -69.0736, -69.0736, -69.0736,
        -69.0736, -69.0736, -69.0736, -69.0736, -69.0736, -69.0736, -69.0736,
        -69.0736, -69.0736, -69.0736, -69.0736, -69.0736, -69.0736, -69.0736,
        -69.0736, -69.0736, -69.0736, -69.0736, -69.0736, -69.0736, -69.0736,
        -69.0736, -69.0736, -69.0736, -69.0736, -69.0736, -69.0736, -69.0736,
        -69.0736, -69.0736, -69.0736, -69.0736, -69.0736, -69.0736, -69.0736,
        -69.0736, -69.0736, -69.0736, -69.0736, -69.0736, -69.0736, -69.0736,
        -69.0736, -69.0736, -69.0736, -69.0736, -69.0736, -69.0736, -69.0736,
        -69.0736, -69.0736, -69.0736, -69.0736, -69.0736, -69.0736, -69.0736,
        -69.0736, -69.0736, -69.0736, -69.0736, -69.0736, -69.0736, -69.0736,
        -69.0736, -69.0736, -69.0736, -69.0736, -69.0736, -69.0736, -69.0736,
        -69.0736, -69.0736, -69.0736, -69.0736, -69.0736, -69.0736, -69.0736,
        -69.0736, -69.0736, -69.0736, -69.0736, -69.0736, -69.0736, -69.0736,
        -69.0736, -69.0736, -69.0736, -69.0736, -69.0736, -69.0736, -69.0736,
        -69.0736, -69.0736, -69.0736, -69.0736, -69.0736, -69.0736, -69.0736,
        -69.0736, -69.0736, -69.0736, -69.0736, -69.0736, -69.0736, -69.0736,
        -69.0736, -69.0736, -69.0736, -69.0736, -69.0736, -69.0736, -69.0736,
        -69.0736, -69.0736, -69.0736, -69.0736, -69.0736, -69.0736, -69.0736,
        -69.0736, -69.0736, -69.0736, -69.0736, -69.0736, -69.0736, -69.0736,
        -69.0736, -69.0736, -69.0736, -69.0736, -69.0736, -69.0736, -69.0736,
        -69.0736, -69.0736, -69.0736, -69.0736, -69.0736, -69.0736, -69.0736,
        -69.0736, -69.0736, -69.0736, -69.0736, -69.0736, -69.0736, -69.0736,
        -69.0736, -69.0736, -69.0736, -69.0736, -69.0736, -69.0736, -69.0736,
        -69.0736, -69.0736, -69.0736, -69.0736, -69.0736, -69.0736, -69.0736,
        -69.0736, -69.0736, -69.0736, -69.0736, -69.0736, -69.0736, -69.0736,
        -69.0736, -69.0736, -69.0736, -69.0736, -69.0736, -69.0736, -69.0736,
        -69.0736, -69.0736, -69.0736, -69.0736, -69.0736, -69.0736, -69.0736,
        -69.0736, -69.0736, -69.0736, -69.0736, -69.0736, -69.0736, -69.0736,
        -69.0736, -69.0736, -69.0736, -69.0736, -69.0736, -69.0736, -69.0736,
        -69.0736, -69.0736, -69.0736, -69.0736, -69.0736, -69.0736, -69.0736,
        -69.0736, -69.0736, -69.0736, -69.0736, -69.0736, -69.0736, -69.0736,
        -69.0736, -69.0736, -69.0736, -69.0736], grad_fn=<SumBackward1>)
Marginals for a chosen variable z_1_7 after iteration 6 are: tensor([-69.0736, -69.0736, -69.0736, -69.0736, -69.0736, -69.0736, -69.0736,
        -69.0736, -69.0736, -69.0736, -69.0736, -69.0736, -69.0736, -69.0736,
        -69.0736, -69.0736, -69.0736, -69.0736, -69.0736, -69.0736, -69.0736,
        -69.0736, -69.0736, -69.0736, -69.0736, -69.0736, -69.0736, -69.0736,
        -69.0736, -69.0736, -69.0736, -69.0736, -69.0736, -69.0736, -69.0736,
        -69.0736, -69.0736, -69.0736, -69.0736, -69.0736, -69.0736, -69.0736,
        -69.0736, -69.0736, -69.0736, -69.0736, -69.0736, -69.0736, -69.0736,
        -69.0736, -69.0736, -69.0736, -69.0736, -69.0736, -69.0736, -69.0736,
        -69.0736, -69.0736, -69.0736, -69.0736, -69.0736, -69.0736, -69.0736,
        -69.0736, -69.0736, -69.0736, -69.0736, -69.0736, -69.0736, -69.0736,
        -69.0736, -69.0736, -69.0736, -69.0736, -69.0736, -69.0736, -69.0736,
        -69.0736, -69.0736, -69.0736, -69.0736, -69.0736, -69.0736, -69.0736,
        -69.0736, -69.0736, -69.0736, -69.0736, -69.0736, -69.0736, -69.0736,
        -69.0736, -69.0736, -69.0736, -69.0736, -69.0736, -69.0736, -69.0736,
        -69.0736, -69.0736, -69.0736, -69.0736, -69.0736, -69.0736, -69.0736,
        -69.0736, -69.0736, -69.0736, -69.0736, -69.0736, -69.0736, -69.0736,
        -69.0736, -69.0736, -69.0736, -69.0736, -69.0736, -69.0736, -69.0736,
        -69.0736, -69.0736, -69.0736, -69.0736, -69.0736, -69.0736, -69.0736,
        -69.0736, -69.0736, -69.0736, -69.0736, -69.0736, -69.0736, -69.0736,
        -69.0736, -69.0736, -69.0736, -69.0736, -69.0736, -69.0736, -69.0736,
        -69.0736, -69.0736, -69.0736, -69.0736, -69.0736, -69.0736, -69.0736,
        -69.0736, -69.0736, -69.0736, -69.0736, -69.0736, -69.0736, -69.0736,
        -69.0736, -69.0736, -69.0736, -69.0736, -69.0736, -69.0736, -69.0736,
        -69.0736, -69.0736, -69.0736, -69.0736, -69.0736, -69.0736, -69.0736,
        -69.0736, -69.0736, -69.0736, -69.0736, -69.0736, -69.0736, -69.0736,
        -69.0736, -69.0736, -69.0736, -69.0736, -69.0736, -69.0736, -69.0736,
        -69.0736, -69.0736, -69.0736, -69.0736, -69.0736, -69.0736, -69.0736,
        -69.0736, -69.0736, -69.0736, -69.0736, -69.0736, -69.0736, -69.0736,
        -69.0736, -69.0736, -69.0736, -69.0736, -69.0736, -69.0736, -69.0736,
        -69.0736, -69.0736, -69.0736, -69.0736, -69.0736, -69.0736, -69.0736,
        -69.0736, -69.0736, -69.0736, -69.0736, -69.0736, -69.0736, -69.0736,
        -69.0736, -69.0736, -69.0736, -69.0736, -69.0736, -69.0736, -69.0736,
        -69.0736, -69.0736, -69.0736, -69.0736, -69.0736, -69.0736, -69.0736,
        -69.0736, -69.0736, -69.0736, -69.0736, -69.0736, -69.0736, -69.0736,
        -69.0736, -69.0736, -69.0736, -69.0736, -69.0736, -69.0736, -69.0736,
        -69.0736, -69.0736, -69.0736, -69.0736, -69.0736, -69.0736, -69.0736,
        -69.0736, -69.0736, -69.0736, -69.0736], grad_fn=<SumBackward1>)
Marginals for a chosen variable z_1_7 after iteration 7 are: tensor([-69.0736, -69.0736, -69.0736, -69.0736, -69.0736, -69.0736, -69.0736,
        -69.0736, -69.0736, -69.0736, -69.0736, -69.0736, -69.0736, -69.0736,
        -69.0736, -69.0736, -69.0736, -69.0736, -69.0736, -69.0736, -69.0736,
        -69.0736, -69.0736, -69.0736, -69.0736, -69.0736, -69.0736, -69.0736,
        -69.0736, -69.0736, -69.0736, -69.0736, -69.0736, -69.0736, -69.0736,
        -69.0736, -69.0736, -69.0736, -69.0736, -69.0736, -69.0736, -69.0736,
        -69.0736, -69.0736, -69.0736, -69.0736, -69.0736, -69.0736, -69.0736,
        -69.0736, -69.0736, -69.0736, -69.0736, -69.0736, -69.0736, -69.0736,
        -69.0736, -69.0736, -69.0736, -69.0736, -69.0736, -69.0736, -69.0736,
        -69.0736, -69.0736, -69.0736, -69.0736, -69.0736, -69.0736, -69.0736,
        -69.0736, -69.0736, -69.0736, -69.0736, -69.0736, -69.0736, -69.0736,
        -69.0736, -69.0736, -69.0736, -69.0736, -69.0736, -69.0736, -69.0736,
        -69.0736, -69.0736, -69.0736, -69.0736, -69.0736, -69.0736, -69.0736,
        -69.0736, -69.0736, -69.0736, -69.0736, -69.0736, -69.0736, -69.0736,
        -69.0736, -69.0736, -69.0736, -69.0736, -69.0736, -69.0736, -69.0736,
        -69.0736, -69.0736, -69.0736, -69.0736, -69.0736, -69.0736, -69.0736,
        -69.0736, -69.0736, -69.0736, -69.0736, -69.0736, -69.0736, -69.0736,
        -69.0736, -69.0736, -69.0736, -69.0736, -69.0736, -69.0736, -69.0736,
        -69.0736, -69.0736, -69.0736, -69.0736, -69.0736, -69.0736, -69.0736,
        -69.0736, -69.0736, -69.0736, -69.0736, -69.0736, -69.0736, -69.0736,
        -69.0736, -69.0736, -69.0736, -69.0736, -69.0736, -69.0736, -69.0736,
        -69.0736, -69.0736, -69.0736, -69.0736, -69.0736, -69.0736, -69.0736,
        -69.0736, -69.0736, -69.0736, -69.0736, -69.0736, -69.0736, -69.0736,
        -69.0736, -69.0736, -69.0736, -69.0736, -69.0736, -69.0736, -69.0736,
        -69.0736, -69.0736, -69.0736, -69.0736, -69.0736, -69.0736, -69.0736,
        -69.0736, -69.0736, -69.0736, -69.0736, -69.0736, -69.0736, -69.0736,
        -69.0736, -69.0736, -69.0736, -69.0736, -69.0736, -69.0736, -69.0736,
        -69.0736, -69.0736, -69.0736, -69.0736, -69.0736, -69.0736, -69.0736,
        -69.0736, -69.0736, -69.0736, -69.0736, -69.0736, -69.0736, -69.0736,
        -69.0736, -69.0736, -69.0736, -69.0736, -69.0736, -69.0736, -69.0736,
        -69.0736, -69.0736, -69.0736, -69.0736, -69.0736, -69.0736, -69.0736,
        -69.0736, -69.0736, -69.0736, -69.0736, -69.0736, -69.0736, -69.0736,
        -69.0736, -69.0736, -69.0736, -69.0736, -69.0736, -69.0736, -69.0736,
        -69.0736, -69.0736, -69.0736, -69.0736, -69.0736, -69.0736, -69.0736,
        -69.0736, -69.0736, -69.0736, -69.0736, -69.0736, -69.0736, -69.0736,
        -69.0736, -69.0736, -69.0736, -69.0736, -69.0736, -69.0736, -69.0736,
        -69.0736, -69.0736, -69.0736, -69.0736], grad_fn=<SumBackward1>)
Marginals for a chosen variable z_1_7 after iteration 8 are: tensor([-69.0736, -69.0736, -69.0736, -69.0736, -69.0736, -69.0736, -69.0736,
        -69.0736, -69.0736, -69.0736, -69.0736, -69.0736, -69.0736, -69.0736,
        -69.0736, -69.0736, -69.0736, -69.0736, -69.0736, -69.0736, -69.0736,
        -69.0736, -69.0736, -69.0736, -69.0736, -69.0736, -69.0736, -69.0736,
        -69.0736, -69.0736, -69.0736, -69.0736, -69.0736, -69.0736, -69.0736,
        -69.0736, -69.0736, -69.0736, -69.0736, -69.0736, -69.0736, -69.0736,
        -69.0736, -69.0736, -69.0736, -69.0736, -69.0736, -69.0736, -69.0736,
        -69.0736, -69.0736, -69.0736, -69.0736, -69.0736, -69.0736, -69.0736,
        -69.0736, -69.0736, -69.0736, -69.0736, -69.0736, -69.0736, -69.0736,
        -69.0736, -69.0736, -69.0736, -69.0736, -69.0736, -69.0736, -69.0736,
        -69.0736, -69.0736, -69.0736, -69.0736, -69.0736, -69.0736, -69.0736,
        -69.0736, -69.0736, -69.0736, -69.0736, -69.0736, -69.0736, -69.0736,
        -69.0736, -69.0736, -69.0736, -69.0736, -69.0736, -69.0736, -69.0736,
        -69.0736, -69.0736, -69.0736, -69.0736, -69.0736, -69.0736, -69.0736,
        -69.0736, -69.0736, -69.0736, -69.0736, -69.0736, -69.0736, -69.0736,
        -69.0736, -69.0736, -69.0736, -69.0736, -69.0736, -69.0736, -69.0736,
        -69.0736, -69.0736, -69.0736, -69.0736, -69.0736, -69.0736, -69.0736,
        -69.0736, -69.0736, -69.0736, -69.0736, -69.0736, -69.0736, -69.0736,
        -69.0736, -69.0736, -69.0736, -69.0736, -69.0736, -69.0736, -69.0736,
        -69.0736, -69.0736, -69.0736, -69.0736, -69.0736, -69.0736, -69.0736,
        -69.0736, -69.0736, -69.0736, -69.0736, -69.0736, -69.0736, -69.0736,
        -69.0736, -69.0736, -69.0736, -69.0736, -69.0736, -69.0736, -69.0736,
        -69.0736, -69.0736, -69.0736, -69.0736, -69.0736, -69.0736, -69.0736,
        -69.0736, -69.0736, -69.0736, -69.0736, -69.0736, -69.0736, -69.0736,
        -69.0736, -69.0736, -69.0736, -69.0736, -69.0736, -69.0736, -69.0736,
        -69.0736, -69.0736, -69.0736, -69.0736, -69.0736, -69.0736, -69.0736,
        -69.0736, -69.0736, -69.0736, -69.0736, -69.0736, -69.0736, -69.0736,
        -69.0736, -69.0736, -69.0736, -69.0736, -69.0736, -69.0736, -69.0736,
        -69.0736, -69.0736, -69.0736, -69.0736, -69.0736, -69.0736, -69.0736,
        -69.0736, -69.0736, -69.0736, -69.0736, -69.0736, -69.0736, -69.0736,
        -69.0736, -69.0736, -69.0736, -69.0736, -69.0736, -69.0736, -69.0736,
        -69.0736, -69.0736, -69.0736, -69.0736, -69.0736, -69.0736, -69.0736,
        -69.0736, -69.0736, -69.0736, -69.0736, -69.0736, -69.0736, -69.0736,
        -69.0736, -69.0736, -69.0736, -69.0736, -69.0736, -69.0736, -69.0736,
        -69.0736, -69.0736, -69.0736, -69.0736, -69.0736, -69.0736, -69.0736,
        -69.0736, -69.0736, -69.0736, -69.0736, -69.0736, -69.0736, -69.0736,
        -69.0736, -69.0736, -69.0736, -69.0736], grad_fn=<SumBackward1>)
Marginals for a chosen variable z_1_7 after iteration 9 are: tensor([-69.0736, -69.0736, -69.0736, -69.0736, -69.0736, -69.0736, -69.0736,
        -69.0736, -69.0736, -69.0736, -69.0736, -69.0736, -69.0736, -69.0736,
        -69.0736, -69.0736, -69.0736, -69.0736, -69.0736, -69.0736, -69.0736,
        -69.0736, -69.0736, -69.0736, -69.0736, -69.0736, -69.0736, -69.0736,
        -69.0736, -69.0736, -69.0736, -69.0736, -69.0736, -69.0736, -69.0736,
        -69.0736, -69.0736, -69.0736, -69.0736, -69.0736, -69.0736, -69.0736,
        -69.0736, -69.0736, -69.0736, -69.0736, -69.0736, -69.0736, -69.0736,
        -69.0736, -69.0736, -69.0736, -69.0736, -69.0736, -69.0736, -69.0736,
        -69.0736, -69.0736, -69.0736, -69.0736, -69.0736, -69.0736, -69.0736,
        -69.0736, -69.0736, -69.0736, -69.0736, -69.0736, -69.0736, -69.0736,
        -69.0736, -69.0736, -69.0736, -69.0736, -69.0736, -69.0736, -69.0736,
        -69.0736, -69.0736, -69.0736, -69.0736, -69.0736, -69.0736, -69.0736,
        -69.0736, -69.0736, -69.0736, -69.0736, -69.0736, -69.0736, -69.0736,
        -69.0736, -69.0736, -69.0736, -69.0736, -69.0736, -69.0736, -69.0736,
        -69.0736, -69.0736, -69.0736, -69.0736, -69.0736, -69.0736, -69.0736,
        -69.0736, -69.0736, -69.0736, -69.0736, -69.0736, -69.0736, -69.0736,
        -69.0736, -69.0736, -69.0736, -69.0736, -69.0736, -69.0736, -69.0736,
        -69.0736, -69.0736, -69.0736, -69.0736, -69.0736, -69.0736, -69.0736,
        -69.0736, -69.0736, -69.0736, -69.0736, -69.0736, -69.0736, -69.0736,
        -69.0736, -69.0736, -69.0736, -69.0736, -69.0736, -69.0736, -69.0736,
        -69.0736, -69.0736, -69.0736, -69.0736, -69.0736, -69.0736, -69.0736,
        -69.0736, -69.0736, -69.0736, -69.0736, -69.0736, -69.0736, -69.0736,
        -69.0736, -69.0736, -69.0736, -69.0736, -69.0736, -69.0736, -69.0736,
        -69.0736, -69.0736, -69.0736, -69.0736, -69.0736, -69.0736, -69.0736,
        -69.0736, -69.0736, -69.0736, -69.0736, -69.0736, -69.0736, -69.0736,
        -69.0736, -69.0736, -69.0736, -69.0736, -69.0736, -69.0736, -69.0736,
        -69.0736, -69.0736, -69.0736, -69.0736, -69.0736, -69.0736, -69.0736,
        -69.0736, -69.0736, -69.0736, -69.0736, -69.0736, -69.0736, -69.0736,
        -69.0736, -69.0736, -69.0736, -69.0736, -69.0736, -69.0736, -69.0736,
        -69.0736, -69.0736, -69.0736, -69.0736, -69.0736, -69.0736, -69.0736,
        -69.0736, -69.0736, -69.0736, -69.0736, -69.0736, -69.0736, -69.0736,
        -69.0736, -69.0736, -69.0736, -69.0736, -69.0736, -69.0736, -69.0736,
        -69.0736, -69.0736, -69.0736, -69.0736, -69.0736, -69.0736, -69.0736,
        -69.0736, -69.0736, -69.0736, -69.0736, -69.0736, -69.0736, -69.0736,
        -69.0736, -69.0736, -69.0736, -69.0736, -69.0736, -69.0736, -69.0736,
        -69.0736, -69.0736, -69.0736, -69.0736, -69.0736, -69.0736, -69.0736,
        -69.0736, -69.0736, -69.0736, -69.0736], grad_fn=<SumBackward1>)
Marginals for a chosen variable z_1_7 after iteration 10 are: tensor([-69.0736, -69.0736, -69.0736, -69.0736, -69.0736, -69.0736, -69.0736,
        -69.0736, -69.0736, -69.0736, -69.0736, -69.0736, -69.0736, -69.0736,
        -69.0736, -69.0736, -69.0736, -69.0736, -69.0736, -69.0736, -69.0736,
        -69.0736, -69.0736, -69.0736, -69.0736, -69.0736, -69.0736, -69.0736,
        -69.0736, -69.0736, -69.0736, -69.0736, -69.0736, -69.0736, -69.0736,
        -69.0736, -69.0736, -69.0736, -69.0736, -69.0736, -69.0736, -69.0736,
        -69.0736, -69.0736, -69.0736, -69.0736, -69.0736, -69.0736, -69.0736,
        -69.0736, -69.0736, -69.0736, -69.0736, -69.0736, -69.0736, -69.0736,
        -69.0736, -69.0736, -69.0736, -69.0736, -69.0736, -69.0736, -69.0736,
        -69.0736, -69.0736, -69.0736, -69.0736, -69.0736, -69.0736, -69.0736,
        -69.0736, -69.0736, -69.0736, -69.0736, -69.0736, -69.0736, -69.0736,
        -69.0736, -69.0736, -69.0736, -69.0736, -69.0736, -69.0736, -69.0736,
        -69.0736, -69.0736, -69.0736, -69.0736, -69.0736, -69.0736, -69.0736,
        -69.0736, -69.0736, -69.0736, -69.0736, -69.0736, -69.0736, -69.0736,
        -69.0736, -69.0736, -69.0736, -69.0736, -69.0736, -69.0736, -69.0736,
        -69.0736, -69.0736, -69.0736, -69.0736, -69.0736, -69.0736, -69.0736,
        -69.0736, -69.0736, -69.0736, -69.0736, -69.0736, -69.0736, -69.0736,
        -69.0736, -69.0736, -69.0736, -69.0736, -69.0736, -69.0736, -69.0736,
        -69.0736, -69.0736, -69.0736, -69.0736, -69.0736, -69.0736, -69.0736,
        -69.0736, -69.0736, -69.0736, -69.0736, -69.0736, -69.0736, -69.0736,
        -69.0736, -69.0736, -69.0736, -69.0736, -69.0736, -69.0736, -69.0736,
        -69.0736, -69.0736, -69.0736, -69.0736, -69.0736, -69.0736, -69.0736,
        -69.0736, -69.0736, -69.0736, -69.0736, -69.0736, -69.0736, -69.0736,
        -69.0736, -69.0736, -69.0736, -69.0736, -69.0736, -69.0736, -69.0736,
        -69.0736, -69.0736, -69.0736, -69.0736, -69.0736, -69.0736, -69.0736,
        -69.0736, -69.0736, -69.0736, -69.0736, -69.0736, -69.0736, -69.0736,
        -69.0736, -69.0736, -69.0736, -69.0736, -69.0736, -69.0736, -69.0736,
        -69.0736, -69.0736, -69.0736, -69.0736, -69.0736, -69.0736, -69.0736,
        -69.0736, -69.0736, -69.0736, -69.0736, -69.0736, -69.0736, -69.0736,
        -69.0736, -69.0736, -69.0736, -69.0736, -69.0736, -69.0736, -69.0736,
        -69.0736, -69.0736, -69.0736, -69.0736, -69.0736, -69.0736, -69.0736,
        -69.0736, -69.0736, -69.0736, -69.0736, -69.0736, -69.0736, -69.0736,
        -69.0736, -69.0736, -69.0736, -69.0736, -69.0736, -69.0736, -69.0736,
        -69.0736, -69.0736, -69.0736, -69.0736, -69.0736, -69.0736, -69.0736,
        -69.0736, -69.0736, -69.0736, -69.0736, -69.0736, -69.0736, -69.0736,
        -69.0736, -69.0736, -69.0736, -69.0736, -69.0736, -69.0736, -69.0736,
        -69.0736, -69.0736, -69.0736, -69.0736], grad_fn=<SumBackward1>)
Marginals for a chosen variable z_1_7 after iteration 11 are: tensor([-69.0736, -69.0736, -69.0736, -69.0736, -69.0736, -69.0736, -69.0736,
        -69.0736, -69.0736, -69.0736, -69.0736, -69.0736, -69.0736, -69.0736,
        -69.0736, -69.0736, -69.0736, -69.0736, -69.0736, -69.0736, -69.0736,
        -69.0736, -69.0736, -69.0736, -69.0736, -69.0736, -69.0736, -69.0736,
        -69.0736, -69.0736, -69.0736, -69.0736, -69.0736, -69.0736, -69.0736,
        -69.0736, -69.0736, -69.0736, -69.0736, -69.0736, -69.0736, -69.0736,
        -69.0736, -69.0736, -69.0736, -69.0736, -69.0736, -69.0736, -69.0736,
        -69.0736, -69.0736, -69.0736, -69.0736, -69.0736, -69.0736, -69.0736,
        -69.0736, -69.0736, -69.0736, -69.0736, -69.0736, -69.0736, -69.0736,
        -69.0736, -69.0736, -69.0736, -69.0736, -69.0736, -69.0736, -69.0736,
        -69.0736, -69.0736, -69.0736, -69.0736, -69.0736, -69.0736, -69.0736,
        -69.0736, -69.0736, -69.0736, -69.0736, -69.0736, -69.0736, -69.0736,
        -69.0736, -69.0736, -69.0736, -69.0736, -69.0736, -69.0736, -69.0736,
        -69.0736, -69.0736, -69.0736, -69.0736, -69.0736, -69.0736, -69.0736,
        -69.0736, -69.0736, -69.0736, -69.0736, -69.0736, -69.0736, -69.0736,
        -69.0736, -69.0736, -69.0736, -69.0736, -69.0736, -69.0736, -69.0736,
        -69.0736, -69.0736, -69.0736, -69.0736, -69.0736, -69.0736, -69.0736,
        -69.0736, -69.0736, -69.0736, -69.0736, -69.0736, -69.0736, -69.0736,
        -69.0736, -69.0736, -69.0736, -69.0736, -69.0736, -69.0736, -69.0736,
        -69.0736, -69.0736, -69.0736, -69.0736, -69.0736, -69.0736, -69.0736,
        -69.0736, -69.0736, -69.0736, -69.0736, -69.0736, -69.0736, -69.0736,
        -69.0736, -69.0736, -69.0736, -69.0736, -69.0736, -69.0736, -69.0736,
        -69.0736, -69.0736, -69.0736, -69.0736, -69.0736, -69.0736, -69.0736,
        -69.0736, -69.0736, -69.0736, -69.0736, -69.0736, -69.0736, -69.0736,
        -69.0736, -69.0736, -69.0736, -69.0736, -69.0736, -69.0736, -69.0736,
        -69.0736, -69.0736, -69.0736, -69.0736, -69.0736, -69.0736, -69.0736,
        -69.0736, -69.0736, -69.0736, -69.0736, -69.0736, -69.0736, -69.0736,
        -69.0736, -69.0736, -69.0736, -69.0736, -69.0736, -69.0736, -69.0736,
        -69.0736, -69.0736, -69.0736, -69.0736, -69.0736, -69.0736, -69.0736,
        -69.0736, -69.0736, -69.0736, -69.0736, -69.0736, -69.0736, -69.0736,
        -69.0736, -69.0736, -69.0736, -69.0736, -69.0736, -69.0736, -69.0736,
        -69.0736, -69.0736, -69.0736, -69.0736, -69.0736, -69.0736, -69.0736,
        -69.0736, -69.0736, -69.0736, -69.0736, -69.0736, -69.0736, -69.0736,
        -69.0736, -69.0736, -69.0736, -69.0736, -69.0736, -69.0736, -69.0736,
        -69.0736, -69.0736, -69.0736, -69.0736, -69.0736, -69.0736, -69.0736,
        -69.0736, -69.0736, -69.0736, -69.0736, -69.0736, -69.0736, -69.0736,
        -69.0736, -69.0736, -69.0736, -69.0736], grad_fn=<SumBackward1>)
Marginals for a chosen variable z_1_7 after iteration 12 are: tensor([-69.0736, -69.0736, -69.0736, -69.0736, -69.0736, -69.0736, -69.0736,
        -69.0736, -69.0736, -69.0736, -69.0736, -69.0736, -69.0736, -69.0736,
        -69.0736, -69.0736, -69.0736, -69.0736, -69.0736, -69.0736, -69.0736,
        -69.0736, -69.0736, -69.0736, -69.0736, -69.0736, -69.0736, -69.0736,
        -69.0736, -69.0736, -69.0736, -69.0736, -69.0736, -69.0736, -69.0736,
        -69.0736, -69.0736, -69.0736, -69.0736, -69.0736, -69.0736, -69.0736,
        -69.0736, -69.0736, -69.0736, -69.0736, -69.0736, -69.0736, -69.0736,
        -69.0736, -69.0736, -69.0736, -69.0736, -69.0736, -69.0736, -69.0736,
        -69.0736, -69.0736, -69.0736, -69.0736, -69.0736, -69.0736, -69.0736,
        -69.0736, -69.0736, -69.0736, -69.0736, -69.0736, -69.0736, -69.0736,
        -69.0736, -69.0736, -69.0736, -69.0736, -69.0736, -69.0736, -69.0736,
        -69.0736, -69.0736, -69.0736, -69.0736, -69.0736, -69.0736, -69.0736,
        -69.0736, -69.0736, -69.0736, -69.0736, -69.0736, -69.0736, -69.0736,
        -69.0736, -69.0736, -69.0736, -69.0736, -69.0736, -69.0736, -69.0736,
        -69.0736, -69.0736, -69.0736, -69.0736, -69.0736, -69.0736, -69.0736,
        -69.0736, -69.0736, -69.0736, -69.0736, -69.0736, -69.0736, -69.0736,
        -69.0736, -69.0736, -69.0736, -69.0736, -69.0736, -69.0736, -69.0736,
        -69.0736, -69.0736, -69.0736, -69.0736, -69.0736, -69.0736, -69.0736,
        -69.0736, -69.0736, -69.0736, -69.0736, -69.0736, -69.0736, -69.0736,
        -69.0736, -69.0736, -69.0736, -69.0736, -69.0736, -69.0736, -69.0736,
        -69.0736, -69.0736, -69.0736, -69.0736, -69.0736, -69.0736, -69.0736,
        -69.0736, -69.0736, -69.0736, -69.0736, -69.0736, -69.0736, -69.0736,
        -69.0736, -69.0736, -69.0736, -69.0736, -69.0736, -69.0736, -69.0736,
        -69.0736, -69.0736, -69.0736, -69.0736, -69.0736, -69.0736, -69.0736,
        -69.0736, -69.0736, -69.0736, -69.0736, -69.0736, -69.0736, -69.0736,
        -69.0736, -69.0736, -69.0736, -69.0736, -69.0736, -69.0736, -69.0736,
        -69.0736, -69.0736, -69.0736, -69.0736, -69.0736, -69.0736, -69.0736,
        -69.0736, -69.0736, -69.0736, -69.0736, -69.0736, -69.0736, -69.0736,
        -69.0736, -69.0736, -69.0736, -69.0736, -69.0736, -69.0736, -69.0736,
        -69.0736, -69.0736, -69.0736, -69.0736, -69.0736, -69.0736, -69.0736,
        -69.0736, -69.0736, -69.0736, -69.0736, -69.0736, -69.0736, -69.0736,
        -69.0736, -69.0736, -69.0736, -69.0736, -69.0736, -69.0736, -69.0736,
        -69.0736, -69.0736, -69.0736, -69.0736, -69.0736, -69.0736, -69.0736,
        -69.0736, -69.0736, -69.0736, -69.0736, -69.0736, -69.0736, -69.0736,
        -69.0736, -69.0736, -69.0736, -69.0736, -69.0736, -69.0736, -69.0736,
        -69.0736, -69.0736, -69.0736, -69.0736, -69.0736, -69.0736, -69.0736,
        -69.0736, -69.0736, -69.0736, -69.0736], grad_fn=<SumBackward1>)
Marginals for a chosen variable z_1_7 after iteration 13 are: tensor([-69.0736, -69.0736, -69.0736, -69.0736, -69.0736, -69.0736, -69.0736,
        -69.0736, -69.0736, -69.0736, -69.0736, -69.0736, -69.0736, -69.0736,
        -69.0736, -69.0736, -69.0736, -69.0736, -69.0736, -69.0736, -69.0736,
        -69.0736, -69.0736, -69.0736, -69.0736, -69.0736, -69.0736, -69.0736,
        -69.0736, -69.0736, -69.0736, -69.0736, -69.0736, -69.0736, -69.0736,
        -69.0736, -69.0736, -69.0736, -69.0736, -69.0736, -69.0736, -69.0736,
        -69.0736, -69.0736, -69.0736, -69.0736, -69.0736, -69.0736, -69.0736,
        -69.0736, -69.0736, -69.0736, -69.0736, -69.0736, -69.0736, -69.0736,
        -69.0736, -69.0736, -69.0736, -69.0736, -69.0736, -69.0736, -69.0736,
        -69.0736, -69.0736, -69.0736, -69.0736, -69.0736, -69.0736, -69.0736,
        -69.0736, -69.0736, -69.0736, -69.0736, -69.0736, -69.0736, -69.0736,
        -69.0736, -69.0736, -69.0736, -69.0736, -69.0736, -69.0736, -69.0736,
        -69.0736, -69.0736, -69.0736, -69.0736, -69.0736, -69.0736, -69.0736,
        -69.0736, -69.0736, -69.0736, -69.0736, -69.0736, -69.0736, -69.0736,
        -69.0736, -69.0736, -69.0736, -69.0736, -69.0736, -69.0736, -69.0736,
        -69.0736, -69.0736, -69.0736, -69.0736, -69.0736, -69.0736, -69.0736,
        -69.0736, -69.0736, -69.0736, -69.0736, -69.0736, -69.0736, -69.0736,
        -69.0736, -69.0736, -69.0736, -69.0736, -69.0736, -69.0736, -69.0736,
        -69.0736, -69.0736, -69.0736, -69.0736, -69.0736, -69.0736, -69.0736,
        -69.0736, -69.0736, -69.0736, -69.0736, -69.0736, -69.0736, -69.0736,
        -69.0736, -69.0736, -69.0736, -69.0736, -69.0736, -69.0736, -69.0736,
        -69.0736, -69.0736, -69.0736, -69.0736, -69.0736, -69.0736, -69.0736,
        -69.0736, -69.0736, -69.0736, -69.0736, -69.0736, -69.0736, -69.0736,
        -69.0736, -69.0736, -69.0736, -69.0736, -69.0736, -69.0736, -69.0736,
        -69.0736, -69.0736, -69.0736, -69.0736, -69.0736, -69.0736, -69.0736,
        -69.0736, -69.0736, -69.0736, -69.0736, -69.0736, -69.0736, -69.0736,
        -69.0736, -69.0736, -69.0736, -69.0736, -69.0736, -69.0736, -69.0736,
        -69.0736, -69.0736, -69.0736, -69.0736, -69.0736, -69.0736, -69.0736,
        -69.0736, -69.0736, -69.0736, -69.0736, -69.0736, -69.0736, -69.0736,
        -69.0736, -69.0736, -69.0736, -69.0736, -69.0736, -69.0736, -69.0736,
        -69.0736, -69.0736, -69.0736, -69.0736, -69.0736, -69.0736, -69.0736,
        -69.0736, -69.0736, -69.0736, -69.0736, -69.0736, -69.0736, -69.0736,
        -69.0736, -69.0736, -69.0736, -69.0736, -69.0736, -69.0736, -69.0736,
        -69.0736, -69.0736, -69.0736, -69.0736, -69.0736, -69.0736, -69.0736,
        -69.0736, -69.0736, -69.0736, -69.0736, -69.0736, -69.0736, -69.0736,
        -69.0736, -69.0736, -69.0736, -69.0736, -69.0736, -69.0736, -69.0736,
        -69.0736, -69.0736, -69.0736, -69.0736], grad_fn=<SumBackward1>)
Marginals for a chosen variable z_1_7 after iteration 14 are: tensor([-69.0736, -69.0736, -69.0736, -69.0736, -69.0736, -69.0736, -69.0736,
        -69.0736, -69.0736, -69.0736, -69.0736, -69.0736, -69.0736, -69.0736,
        -69.0736, -69.0736, -69.0736, -69.0736, -69.0736, -69.0736, -69.0736,
        -69.0736, -69.0736, -69.0736, -69.0736, -69.0736, -69.0736, -69.0736,
        -69.0736, -69.0736, -69.0736, -69.0736, -69.0736, -69.0736, -69.0736,
        -69.0736, -69.0736, -69.0736, -69.0736, -69.0736, -69.0736, -69.0736,
        -69.0736, -69.0736, -69.0736, -69.0736, -69.0736, -69.0736, -69.0736,
        -69.0736, -69.0736, -69.0736, -69.0736, -69.0736, -69.0736, -69.0736,
        -69.0736, -69.0736, -69.0736, -69.0736, -69.0736, -69.0736, -69.0736,
        -69.0736, -69.0736, -69.0736, -69.0736, -69.0736, -69.0736, -69.0736,
        -69.0736, -69.0736, -69.0736, -69.0736, -69.0736, -69.0736, -69.0736,
        -69.0736, -69.0736, -69.0736, -69.0736, -69.0736, -69.0736, -69.0736,
        -69.0736, -69.0736, -69.0736, -69.0736, -69.0736, -69.0736, -69.0736,
        -69.0736, -69.0736, -69.0736, -69.0736, -69.0736, -69.0736, -69.0736,
        -69.0736, -69.0736, -69.0736, -69.0736, -69.0736, -69.0736, -69.0736,
        -69.0736, -69.0736, -69.0736, -69.0736, -69.0736, -69.0736, -69.0736,
        -69.0736, -69.0736, -69.0736, -69.0736, -69.0736, -69.0736, -69.0736,
        -69.0736, -69.0736, -69.0736, -69.0736, -69.0736, -69.0736, -69.0736,
        -69.0736, -69.0736, -69.0736, -69.0736, -69.0736, -69.0736, -69.0736,
        -69.0736, -69.0736, -69.0736, -69.0736, -69.0736, -69.0736, -69.0736,
        -69.0736, -69.0736, -69.0736, -69.0736, -69.0736, -69.0736, -69.0736,
        -69.0736, -69.0736, -69.0736, -69.0736, -69.0736, -69.0736, -69.0736,
        -69.0736, -69.0736, -69.0736, -69.0736, -69.0736, -69.0736, -69.0736,
        -69.0736, -69.0736, -69.0736, -69.0736, -69.0736, -69.0736, -69.0736,
        -69.0736, -69.0736, -69.0736, -69.0736, -69.0736, -69.0736, -69.0736,
        -69.0736, -69.0736, -69.0736, -69.0736, -69.0736, -69.0736, -69.0736,
        -69.0736, -69.0736, -69.0736, -69.0736, -69.0736, -69.0736, -69.0736,
        -69.0736, -69.0736, -69.0736, -69.0736, -69.0736, -69.0736, -69.0736,
        -69.0736, -69.0736, -69.0736, -69.0736, -69.0736, -69.0736, -69.0736,
        -69.0736, -69.0736, -69.0736, -69.0736, -69.0736, -69.0736, -69.0736,
        -69.0736, -69.0736, -69.0736, -69.0736, -69.0736, -69.0736, -69.0736,
        -69.0736, -69.0736, -69.0736, -69.0736, -69.0736, -69.0736, -69.0736,
        -69.0736, -69.0736, -69.0736, -69.0736, -69.0736, -69.0736, -69.0736,
        -69.0736, -69.0736, -69.0736, -69.0736, -69.0736, -69.0736, -69.0736,
        -69.0736, -69.0736, -69.0736, -69.0736, -69.0736, -69.0736, -69.0736,
        -69.0736, -69.0736, -69.0736, -69.0736, -69.0736, -69.0736, -69.0736,
        -69.0736, -69.0736, -69.0736, -69.0736], grad_fn=<SumBackward1>)
Marginals for a chosen variable z_1_7 after iteration 15 are: tensor([-69.0736, -69.0736, -69.0736, -69.0736, -69.0736, -69.0736, -69.0736,
        -69.0736, -69.0736, -69.0736, -69.0736, -69.0736, -69.0736, -69.0736,
        -69.0736, -69.0736, -69.0736, -69.0736, -69.0736, -69.0736, -69.0736,
        -69.0736, -69.0736, -69.0736, -69.0736, -69.0736, -69.0736, -69.0736,
        -69.0736, -69.0736, -69.0736, -69.0736, -69.0736, -69.0736, -69.0736,
        -69.0736, -69.0736, -69.0736, -69.0736, -69.0736, -69.0736, -69.0736,
        -69.0736, -69.0736, -69.0736, -69.0736, -69.0736, -69.0736, -69.0736,
        -69.0736, -69.0736, -69.0736, -69.0736, -69.0736, -69.0736, -69.0736,
        -69.0736, -69.0736, -69.0736, -69.0736, -69.0736, -69.0736, -69.0736,
        -69.0736, -69.0736, -69.0736, -69.0736, -69.0736, -69.0736, -69.0736,
        -69.0736, -69.0736, -69.0736, -69.0736, -69.0736, -69.0736, -69.0736,
        -69.0736, -69.0736, -69.0736, -69.0736, -69.0736, -69.0736, -69.0736,
        -69.0736, -69.0736, -69.0736, -69.0736, -69.0736, -69.0736, -69.0736,
        -69.0736, -69.0736, -69.0736, -69.0736, -69.0736, -69.0736, -69.0736,
        -69.0736, -69.0736, -69.0736, -69.0736, -69.0736, -69.0736, -69.0736,
        -69.0736, -69.0736, -69.0736, -69.0736, -69.0736, -69.0736, -69.0736,
        -69.0736, -69.0736, -69.0736, -69.0736, -69.0736, -69.0736, -69.0736,
        -69.0736, -69.0736, -69.0736, -69.0736, -69.0736, -69.0736, -69.0736,
        -69.0736, -69.0736, -69.0736, -69.0736, -69.0736, -69.0736, -69.0736,
        -69.0736, -69.0736, -69.0736, -69.0736, -69.0736, -69.0736, -69.0736,
        -69.0736, -69.0736, -69.0736, -69.0736, -69.0736, -69.0736, -69.0736,
        -69.0736, -69.0736, -69.0736, -69.0736, -69.0736, -69.0736, -69.0736,
        -69.0736, -69.0736, -69.0736, -69.0736, -69.0736, -69.0736, -69.0736,
        -69.0736, -69.0736, -69.0736, -69.0736, -69.0736, -69.0736, -69.0736,
        -69.0736, -69.0736, -69.0736, -69.0736, -69.0736, -69.0736, -69.0736,
        -69.0736, -69.0736, -69.0736, -69.0736, -69.0736, -69.0736, -69.0736,
        -69.0736, -69.0736, -69.0736, -69.0736, -69.0736, -69.0736, -69.0736,
        -69.0736, -69.0736, -69.0736, -69.0736, -69.0736, -69.0736, -69.0736,
        -69.0736, -69.0736, -69.0736, -69.0736, -69.0736, -69.0736, -69.0736,
        -69.0736, -69.0736, -69.0736, -69.0736, -69.0736, -69.0736, -69.0736,
        -69.0736, -69.0736, -69.0736, -69.0736, -69.0736, -69.0736, -69.0736,
        -69.0736, -69.0736, -69.0736, -69.0736, -69.0736, -69.0736, -69.0736,
        -69.0736, -69.0736, -69.0736, -69.0736, -69.0736, -69.0736, -69.0736,
        -69.0736, -69.0736, -69.0736, -69.0736, -69.0736, -69.0736, -69.0736,
        -69.0736, -69.0736, -69.0736, -69.0736, -69.0736, -69.0736, -69.0736,
        -69.0736, -69.0736, -69.0736, -69.0736, -69.0736, -69.0736, -69.0736,
        -69.0736, -69.0736, -69.0736, -69.0736], grad_fn=<SumBackward1>)
Marginals for a chosen variable z_1_7 after iteration 16 are: tensor([-69.0736, -69.0736, -69.0736, -69.0736, -69.0736, -69.0736, -69.0736,
        -69.0736, -69.0736, -69.0736, -69.0736, -69.0736, -69.0736, -69.0736,
        -69.0736, -69.0736, -69.0736, -69.0736, -69.0736, -69.0736, -69.0736,
        -69.0736, -69.0736, -69.0736, -69.0736, -69.0736, -69.0736, -69.0736,
        -69.0736, -69.0736, -69.0736, -69.0736, -69.0736, -69.0736, -69.0736,
        -69.0736, -69.0736, -69.0736, -69.0736, -69.0736, -69.0736, -69.0736,
        -69.0736, -69.0736, -69.0736, -69.0736, -69.0736, -69.0736, -69.0736,
        -69.0736, -69.0736, -69.0736, -69.0736, -69.0736, -69.0736, -69.0736,
        -69.0736, -69.0736, -69.0736, -69.0736, -69.0736, -69.0736, -69.0736,
        -69.0736, -69.0736, -69.0736, -69.0736, -69.0736, -69.0736, -69.0736,
        -69.0736, -69.0736, -69.0736, -69.0736, -69.0736, -69.0736, -69.0736,
        -69.0736, -69.0736, -69.0736, -69.0736, -69.0736, -69.0736, -69.0736,
        -69.0736, -69.0736, -69.0736, -69.0736, -69.0736, -69.0736, -69.0736,
        -69.0736, -69.0736, -69.0736, -69.0736, -69.0736, -69.0736, -69.0736,
        -69.0736, -69.0736, -69.0736, -69.0736, -69.0736, -69.0736, -69.0736,
        -69.0736, -69.0736, -69.0736, -69.0736, -69.0736, -69.0736, -69.0736,
        -69.0736, -69.0736, -69.0736, -69.0736, -69.0736, -69.0736, -69.0736,
        -69.0736, -69.0736, -69.0736, -69.0736, -69.0736, -69.0736, -69.0736,
        -69.0736, -69.0736, -69.0736, -69.0736, -69.0736, -69.0736, -69.0736,
        -69.0736, -69.0736, -69.0736, -69.0736, -69.0736, -69.0736, -69.0736,
        -69.0736, -69.0736, -69.0736, -69.0736, -69.0736, -69.0736, -69.0736,
        -69.0736, -69.0736, -69.0736, -69.0736, -69.0736, -69.0736, -69.0736,
        -69.0736, -69.0736, -69.0736, -69.0736, -69.0736, -69.0736, -69.0736,
        -69.0736, -69.0736, -69.0736, -69.0736, -69.0736, -69.0736, -69.0736,
        -69.0736, -69.0736, -69.0736, -69.0736, -69.0736, -69.0736, -69.0736,
        -69.0736, -69.0736, -69.0736, -69.0736, -69.0736, -69.0736, -69.0736,
        -69.0736, -69.0736, -69.0736, -69.0736, -69.0736, -69.0736, -69.0736,
        -69.0736, -69.0736, -69.0736, -69.0736, -69.0736, -69.0736, -69.0736,
        -69.0736, -69.0736, -69.0736, -69.0736, -69.0736, -69.0736, -69.0736,
        -69.0736, -69.0736, -69.0736, -69.0736, -69.0736, -69.0736, -69.0736,
        -69.0736, -69.0736, -69.0736, -69.0736, -69.0736, -69.0736, -69.0736,
        -69.0736, -69.0736, -69.0736, -69.0736, -69.0736, -69.0736, -69.0736,
        -69.0736, -69.0736, -69.0736, -69.0736, -69.0736, -69.0736, -69.0736,
        -69.0736, -69.0736, -69.0736, -69.0736, -69.0736, -69.0736, -69.0736,
        -69.0736, -69.0736, -69.0736, -69.0736, -69.0736, -69.0736, -69.0736,
        -69.0736, -69.0736, -69.0736, -69.0736, -69.0736, -69.0736, -69.0736,
        -69.0736, -69.0736, -69.0736, -69.0736], grad_fn=<SumBackward1>)
Marginals for a chosen variable z_1_7 after iteration 17 are: tensor([-69.0736, -69.0736, -69.0736, -69.0736, -69.0736, -69.0736, -69.0736,
        -69.0736, -69.0736, -69.0736, -69.0736, -69.0736, -69.0736, -69.0736,
        -69.0736, -69.0736, -69.0736, -69.0736, -69.0736, -69.0736, -69.0736,
        -69.0736, -69.0736, -69.0736, -69.0736, -69.0736, -69.0736, -69.0736,
        -69.0736, -69.0736, -69.0736, -69.0736, -69.0736, -69.0736, -69.0736,
        -69.0736, -69.0736, -69.0736, -69.0736, -69.0736, -69.0736, -69.0736,
        -69.0736, -69.0736, -69.0736, -69.0736, -69.0736, -69.0736, -69.0736,
        -69.0736, -69.0736, -69.0736, -69.0736, -69.0736, -69.0736, -69.0736,
        -69.0736, -69.0736, -69.0736, -69.0736, -69.0736, -69.0736, -69.0736,
        -69.0736, -69.0736, -69.0736, -69.0736, -69.0736, -69.0736, -69.0736,
        -69.0736, -69.0736, -69.0736, -69.0736, -69.0736, -69.0736, -69.0736,
        -69.0736, -69.0736, -69.0736, -69.0736, -69.0736, -69.0736, -69.0736,
        -69.0736, -69.0736, -69.0736, -69.0736, -69.0736, -69.0736, -69.0736,
        -69.0736, -69.0736, -69.0736, -69.0736, -69.0736, -69.0736, -69.0736,
        -69.0736, -69.0736, -69.0736, -69.0736, -69.0736, -69.0736, -69.0736,
        -69.0736, -69.0736, -69.0736, -69.0736, -69.0736, -69.0736, -69.0736,
        -69.0736, -69.0736, -69.0736, -69.0736, -69.0736, -69.0736, -69.0736,
        -69.0736, -69.0736, -69.0736, -69.0736, -69.0736, -69.0736, -69.0736,
        -69.0736, -69.0736, -69.0736, -69.0736, -69.0736, -69.0736, -69.0736,
        -69.0736, -69.0736, -69.0736, -69.0736, -69.0736, -69.0736, -69.0736,
        -69.0736, -69.0736, -69.0736, -69.0736, -69.0736, -69.0736, -69.0736,
        -69.0736, -69.0736, -69.0736, -69.0736, -69.0736, -69.0736, -69.0736,
        -69.0736, -69.0736, -69.0736, -69.0736, -69.0736, -69.0736, -69.0736,
        -69.0736, -69.0736, -69.0736, -69.0736, -69.0736, -69.0736, -69.0736,
        -69.0736, -69.0736, -69.0736, -69.0736, -69.0736, -69.0736, -69.0736,
        -69.0736, -69.0736, -69.0736, -69.0736, -69.0736, -69.0736, -69.0736,
        -69.0736, -69.0736, -69.0736, -69.0736, -69.0736, -69.0736, -69.0736,
        -69.0736, -69.0736, -69.0736, -69.0736, -69.0736, -69.0736, -69.0736,
        -69.0736, -69.0736, -69.0736, -69.0736, -69.0736, -69.0736, -69.0736,
        -69.0736, -69.0736, -69.0736, -69.0736, -69.0736, -69.0736, -69.0736,
        -69.0736, -69.0736, -69.0736, -69.0736, -69.0736, -69.0736, -69.0736,
        -69.0736, -69.0736, -69.0736, -69.0736, -69.0736, -69.0736, -69.0736,
        -69.0736, -69.0736, -69.0736, -69.0736, -69.0736, -69.0736, -69.0736,
        -69.0736, -69.0736, -69.0736, -69.0736, -69.0736, -69.0736, -69.0736,
        -69.0736, -69.0736, -69.0736, -69.0736, -69.0736, -69.0736, -69.0736,
        -69.0736, -69.0736, -69.0736, -69.0736, -69.0736, -69.0736, -69.0736,
        -69.0736, -69.0736, -69.0736, -69.0736], grad_fn=<SumBackward1>)
Marginals for a chosen variable z_1_7 after iteration 18 are: tensor([-69.0736, -69.0736, -69.0736, -69.0736, -69.0736, -69.0736, -69.0736,
        -69.0736, -69.0736, -69.0736, -69.0736, -69.0736, -69.0736, -69.0736,
        -69.0736, -69.0736, -69.0736, -69.0736, -69.0736, -69.0736, -69.0736,
        -69.0736, -69.0736, -69.0736, -69.0736, -69.0736, -69.0736, -69.0736,
        -69.0736, -69.0736, -69.0736, -69.0736, -69.0736, -69.0736, -69.0736,
        -69.0736, -69.0736, -69.0736, -69.0736, -69.0736, -69.0736, -69.0736,
        -69.0736, -69.0736, -69.0736, -69.0736, -69.0736, -69.0736, -69.0736,
        -69.0736, -69.0736, -69.0736, -69.0736, -69.0736, -69.0736, -69.0736,
        -69.0736, -69.0736, -69.0736, -69.0736, -69.0736, -69.0736, -69.0736,
        -69.0736, -69.0736, -69.0736, -69.0736, -69.0736, -69.0736, -69.0736,
        -69.0736, -69.0736, -69.0736, -69.0736, -69.0736, -69.0736, -69.0736,
        -69.0736, -69.0736, -69.0736, -69.0736, -69.0736, -69.0736, -69.0736,
        -69.0736, -69.0736, -69.0736, -69.0736, -69.0736, -69.0736, -69.0736,
        -69.0736, -69.0736, -69.0736, -69.0736, -69.0736, -69.0736, -69.0736,
        -69.0736, -69.0736, -69.0736, -69.0736, -69.0736, -69.0736, -69.0736,
        -69.0736, -69.0736, -69.0736, -69.0736, -69.0736, -69.0736, -69.0736,
        -69.0736, -69.0736, -69.0736, -69.0736, -69.0736, -69.0736, -69.0736,
        -69.0736, -69.0736, -69.0736, -69.0736, -69.0736, -69.0736, -69.0736,
        -69.0736, -69.0736, -69.0736, -69.0736, -69.0736, -69.0736, -69.0736,
        -69.0736, -69.0736, -69.0736, -69.0736, -69.0736, -69.0736, -69.0736,
        -69.0736, -69.0736, -69.0736, -69.0736, -69.0736, -69.0736, -69.0736,
        -69.0736, -69.0736, -69.0736, -69.0736, -69.0736, -69.0736, -69.0736,
        -69.0736, -69.0736, -69.0736, -69.0736, -69.0736, -69.0736, -69.0736,
        -69.0736, -69.0736, -69.0736, -69.0736, -69.0736, -69.0736, -69.0736,
        -69.0736, -69.0736, -69.0736, -69.0736, -69.0736, -69.0736, -69.0736,
        -69.0736, -69.0736, -69.0736, -69.0736, -69.0736, -69.0736, -69.0736,
        -69.0736, -69.0736, -69.0736, -69.0736, -69.0736, -69.0736, -69.0736,
        -69.0736, -69.0736, -69.0736, -69.0736, -69.0736, -69.0736, -69.0736,
        -69.0736, -69.0736, -69.0736, -69.0736, -69.0736, -69.0736, -69.0736,
        -69.0736, -69.0736, -69.0736, -69.0736, -69.0736, -69.0736, -69.0736,
        -69.0736, -69.0736, -69.0736, -69.0736, -69.0736, -69.0736, -69.0736,
        -69.0736, -69.0736, -69.0736, -69.0736, -69.0736, -69.0736, -69.0736,
        -69.0736, -69.0736, -69.0736, -69.0736, -69.0736, -69.0736, -69.0736,
        -69.0736, -69.0736, -69.0736, -69.0736, -69.0736, -69.0736, -69.0736,
        -69.0736, -69.0736, -69.0736, -69.0736, -69.0736, -69.0736, -69.0736,
        -69.0736, -69.0736, -69.0736, -69.0736, -69.0736, -69.0736, -69.0736,
        -69.0736, -69.0736, -69.0736, -69.0736], grad_fn=<SumBackward1>)
Marginals for a chosen variable z_1_7 after iteration 19 are: tensor([-69.0736, -69.0736, -69.0736, -69.0736, -69.0736, -69.0736, -69.0736,
        -69.0736, -69.0736, -69.0736, -69.0736, -69.0736, -69.0736, -69.0736,
        -69.0736, -69.0736, -69.0736, -69.0736, -69.0736, -69.0736, -69.0736,
        -69.0736, -69.0736, -69.0736, -69.0736, -69.0736, -69.0736, -69.0736,
        -69.0736, -69.0736, -69.0736, -69.0736, -69.0736, -69.0736, -69.0736,
        -69.0736, -69.0736, -69.0736, -69.0736, -69.0736, -69.0736, -69.0736,
        -69.0736, -69.0736, -69.0736, -69.0736, -69.0736, -69.0736, -69.0736,
        -69.0736, -69.0736, -69.0736, -69.0736, -69.0736, -69.0736, -69.0736,
        -69.0736, -69.0736, -69.0736, -69.0736, -69.0736, -69.0736, -69.0736,
        -69.0736, -69.0736, -69.0736, -69.0736, -69.0736, -69.0736, -69.0736,
        -69.0736, -69.0736, -69.0736, -69.0736, -69.0736, -69.0736, -69.0736,
        -69.0736, -69.0736, -69.0736, -69.0736, -69.0736, -69.0736, -69.0736,
        -69.0736, -69.0736, -69.0736, -69.0736, -69.0736, -69.0736, -69.0736,
        -69.0736, -69.0736, -69.0736, -69.0736, -69.0736, -69.0736, -69.0736,
        -69.0736, -69.0736, -69.0736, -69.0736, -69.0736, -69.0736, -69.0736,
        -69.0736, -69.0736, -69.0736, -69.0736, -69.0736, -69.0736, -69.0736,
        -69.0736, -69.0736, -69.0736, -69.0736, -69.0736, -69.0736, -69.0736,
        -69.0736, -69.0736, -69.0736, -69.0736, -69.0736, -69.0736, -69.0736,
        -69.0736, -69.0736, -69.0736, -69.0736, -69.0736, -69.0736, -69.0736,
        -69.0736, -69.0736, -69.0736, -69.0736, -69.0736, -69.0736, -69.0736,
        -69.0736, -69.0736, -69.0736, -69.0736, -69.0736, -69.0736, -69.0736,
        -69.0736, -69.0736, -69.0736, -69.0736, -69.0736, -69.0736, -69.0736,
        -69.0736, -69.0736, -69.0736, -69.0736, -69.0736, -69.0736, -69.0736,
        -69.0736, -69.0736, -69.0736, -69.0736, -69.0736, -69.0736, -69.0736,
        -69.0736, -69.0736, -69.0736, -69.0736, -69.0736, -69.0736, -69.0736,
        -69.0736, -69.0736, -69.0736, -69.0736, -69.0736, -69.0736, -69.0736,
        -69.0736, -69.0736, -69.0736, -69.0736, -69.0736, -69.0736, -69.0736,
        -69.0736, -69.0736, -69.0736, -69.0736, -69.0736, -69.0736, -69.0736,
        -69.0736, -69.0736, -69.0736, -69.0736, -69.0736, -69.0736, -69.0736,
        -69.0736, -69.0736, -69.0736, -69.0736, -69.0736, -69.0736, -69.0736,
        -69.0736, -69.0736, -69.0736, -69.0736, -69.0736, -69.0736, -69.0736,
        -69.0736, -69.0736, -69.0736, -69.0736, -69.0736, -69.0736, -69.0736,
        -69.0736, -69.0736, -69.0736, -69.0736, -69.0736, -69.0736, -69.0736,
        -69.0736, -69.0736, -69.0736, -69.0736, -69.0736, -69.0736, -69.0736,
        -69.0736, -69.0736, -69.0736, -69.0736, -69.0736, -69.0736, -69.0736,
        -69.0736, -69.0736, -69.0736, -69.0736, -69.0736, -69.0736, -69.0736,
        -69.0736, -69.0736, -69.0736, -69.0736], grad_fn=<SumBackward1>)
Marginals for a chosen variable z_1_7 after iteration 20 are: tensor([-69.0736, -69.0736, -69.0736, -69.0736, -69.0736, -69.0736, -69.0736,
        -69.0736, -69.0736, -69.0736, -69.0736, -69.0736, -69.0736, -69.0736,
        -69.0736, -69.0736, -69.0736, -69.0736, -69.0736, -69.0736, -69.0736,
        -69.0736, -69.0736, -69.0736, -69.0736, -69.0736, -69.0736, -69.0736,
        -69.0736, -69.0736, -69.0736, -69.0736, -69.0736, -69.0736, -69.0736,
        -69.0736, -69.0736, -69.0736, -69.0736, -69.0736, -69.0736, -69.0736,
        -69.0736, -69.0736, -69.0736, -69.0736, -69.0736, -69.0736, -69.0736,
        -69.0736, -69.0736, -69.0736, -69.0736, -69.0736, -69.0736, -69.0736,
        -69.0736, -69.0736, -69.0736, -69.0736, -69.0736, -69.0736, -69.0736,
        -69.0736, -69.0736, -69.0736, -69.0736, -69.0736, -69.0736, -69.0736,
        -69.0736, -69.0736, -69.0736, -69.0736, -69.0736, -69.0736, -69.0736,
        -69.0736, -69.0736, -69.0736, -69.0736, -69.0736, -69.0736, -69.0736,
        -69.0736, -69.0736, -69.0736, -69.0736, -69.0736, -69.0736, -69.0736,
        -69.0736, -69.0736, -69.0736, -69.0736, -69.0736, -69.0736, -69.0736,
        -69.0736, -69.0736, -69.0736, -69.0736, -69.0736, -69.0736, -69.0736,
        -69.0736, -69.0736, -69.0736, -69.0736, -69.0736, -69.0736, -69.0736,
        -69.0736, -69.0736, -69.0736, -69.0736, -69.0736, -69.0736, -69.0736,
        -69.0736, -69.0736, -69.0736, -69.0736, -69.0736, -69.0736, -69.0736,
        -69.0736, -69.0736, -69.0736, -69.0736, -69.0736, -69.0736, -69.0736,
        -69.0736, -69.0736, -69.0736, -69.0736, -69.0736, -69.0736, -69.0736,
        -69.0736, -69.0736, -69.0736, -69.0736, -69.0736, -69.0736, -69.0736,
        -69.0736, -69.0736, -69.0736, -69.0736, -69.0736, -69.0736, -69.0736,
        -69.0736, -69.0736, -69.0736, -69.0736, -69.0736, -69.0736, -69.0736,
        -69.0736, -69.0736, -69.0736, -69.0736, -69.0736, -69.0736, -69.0736,
        -69.0736, -69.0736, -69.0736, -69.0736, -69.0736, -69.0736, -69.0736,
        -69.0736, -69.0736, -69.0736, -69.0736, -69.0736, -69.0736, -69.0736,
        -69.0736, -69.0736, -69.0736, -69.0736, -69.0736, -69.0736, -69.0736,
        -69.0736, -69.0736, -69.0736, -69.0736, -69.0736, -69.0736, -69.0736,
        -69.0736, -69.0736, -69.0736, -69.0736, -69.0736, -69.0736, -69.0736,
        -69.0736, -69.0736, -69.0736, -69.0736, -69.0736, -69.0736, -69.0736,
        -69.0736, -69.0736, -69.0736, -69.0736, -69.0736, -69.0736, -69.0736,
        -69.0736, -69.0736, -69.0736, -69.0736, -69.0736, -69.0736, -69.0736,
        -69.0736, -69.0736, -69.0736, -69.0736, -69.0736, -69.0736, -69.0736,
        -69.0736, -69.0736, -69.0736, -69.0736, -69.0736, -69.0736, -69.0736,
        -69.0736, -69.0736, -69.0736, -69.0736, -69.0736, -69.0736, -69.0736,
        -69.0736, -69.0736, -69.0736, -69.0736, -69.0736, -69.0736, -69.0736,
        -69.0736, -69.0736, -69.0736, -69.0736], grad_fn=<SumBackward1>)
